48
69
26 68 84 24 93 58 15 24 73 90 43 91 9 40 69 49 8 45 1 76 56 7 20 61 45 64 70 57 25 56 54 62 65 35 57 74 79 39 5 10 88 68 73 84 49 2 65 17 32 94 45 93 72 24 11 36 65 62 8 24 93 97 22 36 98 68 92 98 20
28
5 20 34 31 58 74 94 82 32 3 84 51 19 22 68 76 59 48 17 13 94 10 77 68 15 21 54 16
60
36 49 5 44 73 91 55 44 88 78 51 40 4 30 13 77 80 30 9 55 39 71 22 45 92 8 82 70 53 42 30 27 65 63 87 99 13 7 35 60 94 18 6 80 50 55 77 93 55 48 38 74 88 22 5 92 77 76 7 98
86
86 31 93 57 52 56 13 77 37 72 86 59 42 16 44 60 83 64 29 17 6 36 78 33 88 96 34 46 41 92 15 46 43 97 35 96 56 19 10 74 14 86 44 2 32 15 81 49 26 34 86 84 83 65 78 59 11 53 28 29 9 98 90 45 52 55 43 93 8 16 1 83 49 65 45 10 47 57 99 49 44 6 22 17 12 33
41
37 70 29 94 50 62 53 96 8 93 59 51 49 79 48 63 78 84 78 25 68 8 50 33 34 76 92 69 96 62 95 79 44 77 17 27 97 98 9 53 95
98
80 23 57 54 35 13 5 45 56 21 44 50 19 57 22 51 23 19 70 6 6 71 96 30 17 43 47 69 78 67 13 55 89 92 56 17 6 94 74 45 56 40 79 71 63 3 38 87 47 10 36 16 21 33 22 71 85 1 85 34 22 67 12 48 12 37 73 44 72 54 8 22 20 87 46 51 82 34 9 80 75 19 92 60 82 91 1 73 14 25 13 50 99 68 97 91 82 76
2
38 38
55
74 92 84 44 51 85 67 9 63 85 58 49 75 33 67 23 68 42 29 54 80 46 74 42 37 41 13 99 37 87 70 60 80 4 38 87 47 15 20 51 38 58 88 70 89 12 27 35 81 42 84 35 64 75 69
68
5 8 59 3 40 57 75 73 94 5 1 53 88 21 94 32 50 23 31 65 35 85 80 21 18 11 1 1 99 36 29 42 36 86 46 89 61 87 88 93 12 12 23 29 37 67 94 55 43 9 39 91 18 17 72 57 5 47 68 88 47 29 45 37 32 49 41 22
60
65 29 8 44 91 6 77 66 86 90 53 90 22 38 26 69 30 23 33 64 87 99 11 78 36 34 39 81 69 24 1 83 74 7 18 3 15 47 67 32 9 78 93 42 27 19 85 24 56 29 93 80 46 98 65 2 25 59 37 43
48
87 44 2 85 73 88 47 52 28 36 79 23 90 62 56 26 31 77 58 47 88 60 89 87 28 3 51 19 18 53 82 5 90 94 76 96 59 4 31 78 70 63 1 80 61 45 14 97
56
97 55 76 66 97 7 49 4 39 56 95 5 92 31 27 47 56 42 55 27 92 90 64 67 22 85 75 98 38 45 50 83 46 82 56 18 99 73 78 63 48 70 23 41 52 83 66 46 54 33 53 72 5 30 77 1
3
48 86 23
74
95 87 54 88 44 53 11 9 76 40 57 68 72 17 71 8 78 17 3 5 67 30 78 64 25 65 86 91 94 80 5 22 28 45 75 28 65 86 26 68 6 1 46 18 75 40 24 67 84 87 77 53 25 3 72 93 72 51 61 36 97 26 42 85 59 52 6 55 36 80 41 5 28 9
66
21 3 47 78 9 22 12 65 11 34 28 32 12 32 34 10 94 79 67 74 76 66 99 64 82 6 60 39 96 51 15 82 87 17 6 40 85 3 23 5 98 52 97 89 50 55 11 17 42 97 44 59 20 19 45 83 58 1 13 46 22 17 47 92 61 83
16
93 20 75 45 90 65 89 33 40 49 79 38 40 15 28 52
3
82 57 2
67
31 74 88 69 46 45 31 81 70 53 40 66 91 97 48 78 76 40 12 98 38 55 89 27 85 33 39 52 93 83 2 45 75 75 49 3 32 32 50 16 46 7 85 23 9 18 32 72 43 74 92 32 59 73 39 50 1 32 24 97 8 1 60 31 92 49 21
65
60 3 71 35 50 78 29 5 63 48 21 18 40 87 83 96 88 15 17 18 8 62 72 36 65 22 94 31 74 58 46 57 10 2 21 17 16 91 36 67 20 70 78 67 97 39 32 12 87 64 65 22 44 2 15 83 56 36 11 99 50 7 11 47 58
27
15 8 64 94 31 46 89 45 73 57 90 32 42 89 79 58 80 11 34 75 49 92 45 50 30 32 9
73
88 37 53 63 17 6 96 43 77 84 68 77 50 62 77 54 35 70 81 36 69 27 46 18 52 41 86 69 83 98 4 64 79 4 50 7 87 94 56 72 66 78 54 84 69 58 81 37 76 84 73 64 99 80 61 27 4 26 93 3 34 95 64 87 26 42 87 8 25 96 62 75 80
59
32 26 87 37 87 96 95 69 70 56 29 37 16 81 46 22 3 22 30 5 22 61 46 50 72 21 21 85 79 67 48 9 72 23 39 14 14 25 15 81 7 29 51 39 63 5 48 57 43 68 84 76 95 37 64 17 67 75 9
41
3 44 32 70 71 73 97 40 20 25 44 61 86 49 53 34 94 11 63 59 20 90 22 92 85 24 4 27 23 94 27 95 86 74 92 67 88 63 76 19 32
97
80 37 31 16 16 12 74 36 17 50 33 13 79 12 64 30 36 83 17 46 22 90 35 53 75 92 54 18 72 23 48 92 4 78 74 90 15 78 42 73 85 31 21 81 97 90 68 86 6 56 98 9 94 14 49 40 49 30 98 13 58 41 12 66 86 92 42 93 98 2 13 90 7 48 11 55 26 84 87 82 49 39 55 94 97 71 81 57 78 15 2 31 82 99 98 60 65
84
29 6 21 84 41 66 59 46 80 16 54 82 10 26 34 3 39 1 93 65 9 7 93 93 97 82 86 98 8 5 70 61 48 63 31 50 94 98 6 89 62 1 40 17 81 57 77 87 68 85 5 7 38 79 7 8 7 48 53 34 47 76 25 49 59 16 80 80 66 8 98 30 27 28 48 47 53 79 4 28 17 60 77 81
54
72 72 78 76 19 10 45 10 3 98 69 3 95 89 70 67 50 73 67 25 89 50 47 39 53 75 90 72 24 20 3 74 38 44 86 54 48 9 32 28 67 86 89 68 55 23 30 42 36 26 31 9 23 71
70
62 88 33 44 46 96 61 43 5 81 3 70 48 56 23 94 25 85 85 49 83 66 79 62 89 70 33 69 21 64 32 49 33 94 75 50 53 28 24 11 82 86 39 9 11 4 58 31 56 67 1 50 38 86 34 88 6 20 3 27 6 55 12 62 48 39 98 47 21 4
57
69 62 7 24 80 49 94 37 8 48 7 12 70 89 30 75 62 30 52 43 53 55 90 75 23 17 81 99 81 77 68 51 27 93 62 38 90 87 9 66 32 42 47 31 93 5 57 49 92 58 50 91 10 27 30 53 20
69
93 42 80 93 16 25 30 2 59 20 47 97 83 68 33 89 1 57 80 25 99 75 88 35 21 56 53 68 14 91 33 16 66 33 2 87 62 2 86 15 9 93 20 4 74 91 24 44 66 48 24 56 92 60 83 28 11 32 57 85 4 53 40 91 55 97 54 78 8
27
60 47 62 89 92 49 18 30 30 22 76 99 56 48 71 70 74 11 78 55 66 36 6 5 12 63 51
49
19 10 5 28 62 49 26 3 42 17 60 66 45 99 31 70 47 39 91 76 68 59 34 59 64 89 53 15 53 50 82 33 66 37 64 49 25 26 21 22 86 15 27 78 93 54 1 12 50
66
9 42 90 75 89 97 70 75 5 65 83 25 1 65 62 26 74 38 27 45 64 52 64 99 10 20 38 17 60 22 95 56 70 28 56 6 14 4 20 10 11 44 26 72 61 3 93 40 60 13 17 31 91 51 9 19 99 81 88 24 4 48 86 59 50 93
18
50 21 42 46 6 52 20 97 35 48 51 29 79 11 69 72 42 57
1
26
67
82 93 93 82 27 26 27 83 67 1 55 51 61 17 55 1 89 83 17 1 63 7 49 63 31 20 8 55 43 93 60 92 80 76 96 39 26 36 23 18 4 26 71 7 71 55 77 61 49 94 87 86 55 62 75 75 68 82 86 32 58 62 53 59 26 14 10
17
74 84 78 34 95 18 11 22 1 9 36 34 55 91 99 83 19
20
44 37 89 96 56 65 16 99 6 41 41 30 11 94 37 95 31 75 4 46
52
46 27 70 82 63 29 69 30 1 87 39 82 67 66 41 2 5 21 96 89 66 51 72 90 7 47 5 65 31 19 1 76 85 40 92 48 98 3 31 63 36 96 69 73 20 2 95 69 7 95 72 28
91
74 93 41 43 39 9 75 95 52 22 96 26 70 95 46 32 55 93 84 57 35 30 61 24 88 24 42 67 83 14 7 9 81 71 27 62 89 38 77 66 9 9 39 42 70 46 97 25 22 11 97 19 26 75 84 24 71 17 9 78 53 8 82 67 65 6 74 37 52 16 34 53 47 49 52 57 45 16 19 65 54 72 54 80 59 67 42 2 56 55 21
79
78 32 94 91 44 68 72 14 83 87 99 70 21 40 68 78 15 20 44 39 94 17 8 48 99 80 33 85 76 58 57 97 35 82 69 10 47 15 77 1 59 33 11 39 63 38 92 11 98 92 78 41 10 26 31 56 61 22 95 27 62 25 44 24 81 6 47 16 97 77 74 21 48 57 2 61 44 11 78
57
57 66 13 11 11 51 50 75 42 68 74 53 25 38 79 35 32 75 99 81 72 85 87 56 65 49 87 83 51 29 18 16 96 36 92 18 60 10 3 10 67 29 71 51 54 41 35 64 66 93 89 34 87 48 2 30 43
58
71 99 35 39 31 56 48 46 26 24 58 35 9 62 9 76 53 58 44 56 11 53 22 26 56 57 46 10 97 76 59 43 39 97 41 75 96 10 75 5 23 85 82 89 84 30 50 42 77 88 45 35 41 41 23 7 29 22
3
83 64 5
24
9 78 30 27 79 45 38 28 83 73 46 13 83 46 4 84 80 55 53 18 65 96 72 88
47
91 94 55 9 75 20 3 63 46 19 87 53 45 58 97 52 96 24 21 26 4 77 68 72 44 92 63 81 76 32 17 39 5 4 91 79 53 20 25 4 77 51 18 71 10 28 14
39
80 80 99 14 69 44 31 82 6 13 41 86 41 74 31 59 4 60 37 21 38 32 95 13 5 92 5 60 21 45 5 52 12 44 9 4 31 39 72
94
56 82 37 83 10 83 1 32 64 98 42 15 53 70 13 64 75 29 33 70 37 93 98 96 19 4 81 22 42 93 90 68 86 7 62 84 58 3 1 81 92 17 82 84 7 9 32 66 76 20 34 21 88 80 30 59 68 47 46 49 30 47 57 25 74 42 57 86 60 11 55 76 50 11 32 3 5 78 47 53 89 26 60 7 60 34 20 30 82 41 2 13 19 17
62
61 11 66 29 19 49 68 24 42 45 49 26 25 49 69 66 8 20 28 55 58 10 28 84 9 14 63 81 53 54 15 53 10 15 56 92 28 19 62 50 38 88 87 33 99 97 8 44 30 48 75 25 57 40 41 20 12 65 95 95 76 95