47
56
70 2 88 73 51 10 59 95 56 56 58 37 51 45 39 53 4 1 56 22 22 74 39 57 67 47 31 9 50 67 59 88 33 41 43 46 34 33 29 4 80 99 96 58 51 18 82 90 74 60 49 77 24 95 23 68
63
63 76 24 57 71 72 74 83 56 54 86 95 80 37 92 60 52 9 38 73 60 55 97 31 5 55 76 9 32 41 18 79 10 54 69 63 60 4 5 40 55 71 41 97 68 54 23 18 28 98 61 44 87 16 14 1 11 8 64 80 60 53 53
65
88 98 47 43 50 32 36 31 66 4 87 75 21 81 8 52 11 42 87 16 42 4 75 99 24 8 53 29 76 65 38 33 26 38 6 74 75 25 30 94 37 62 3 20 81 23 29 77 17 52 77 77 28 41 39 80 91 52 63 8 28 90 78 50 5
4
13 97 27 71
82
58 36 82 51 16 80 36 35 29 77 91 54 3 24 80 22 38 91 74 90 9 63 45 30 54 21 55 67 83 66 20 56 96 21 49 24 20 41 79 78 50 38 5 20 58 16 38 31 55 55 30 81 38 30 3 29 97 96 70 6 72 9 43 96 42 58 17 20 8 49 21 40 72 76 18 68 49 40 77 60 31 66
32
70 29 92 90 68 80 29 17 10 88 87 40 80 28 58 55 59 91 72 3 8 76 42 47 50 3 95 74 23 89 24 70
41
34 94 99 4 17 86 39 46 1 90 70 22 20 22 29 11 32 42 13 66 61 98 10 11 64 59 29 42 2 97 44 55 28 49 19 57 80 13 74 17 83
43
66 38 77 78 84 70 24 45 43 44 23 57 46 68 71 11 11 37 35 9 59 72 39 77 3 63 73 35 50 49 85 92 97 94 40 26 96 17 51 29 84 78 17
1
92
98
14 92 88 89 83 77 25 84 23 94 37 42 92 25 79 17 78 75 21 34 86 44 22 36 80 77 62 58 68 2 38 98 24 85 95 93 24 57 14 2 89 61 23 47 30 17 1 86 29 74 74 5 22 91 42 41 84 88 33 1 40 88 15 81 29 46 61 43 27 15 65 61 33 64 92 86 88 7 39 10 38 35 46 79 79 61 25 69 6 22 20 83 78 63 47 99 10 56
45
78 65 48 96 46 2 58 77 84 83 34 41 64 5 5 7 19 80 41 89 62 15 2 31 87 3 53 17 15 8 24 58 16 33 61 88 13 26 18 74 76 60 1 20 52
17
14 93 3 78 15 13 2 16 74 73 88 50 25 61 99 24 94
64
14 6 40 22 7 75 49 8 4 53 97 47 75 75 17 50 33 60 47 5 4 4 89 69 48 48 51 73 21 70 69 11 18 95 70 93 6 50 55 42 76 42 23 20 72 94 56 87 14 26 39 43 62 42 95 19 47 15 98 12 4 72 79 13
8
82 87 81 80 65 11 32 46
40
85 96 49 30 44 72 1 9 85 81 46 96 58 39 91 55 25 53 68 45 83 58 15 9 50 7 92 8 61 4 8 25 76 91 65 81 60 33 4 16
40
81 32 40 65 32 86 63 17 22 71 6 80 83 66 1 55 31 53 36 81 96 55 47 56 58 3 89 87 92 42 83 94 70 95 57 57 9 12 86 40
23
69 98 72 69 38 10 72 36 95 29 84 40 71 9 51 33 62 15 45 86 11 27 54
2
89 72
54
32 33 84 81 74 94 93 39 87 46 91 16 71 83 73 93 8 41 10 32 17 4 9 27 72 83 88 44 38 56 67 2 49 43 22 16 31 33 76 46 15 72 29 90 22 97 48 19 87 76 34 9 53 82
18
67 53 63 52 8 82 35 5 69 12 62 53 6 98 77 66 48 9
14
79 95 14 34 79 74 63 85 40 50 85 29 74 35
7
8 69 37 9 41 11 93
61
7 76 79 86 30 30 1 70 54 12 15 14 55 88 19 35 15 84 82 85 59 75 72 24 35 6 26 53 31 78 11 87 17 80 2 51 14 39 87 86 23 98 80 22 85 84 10 78 47 33 91 62 70 7 66 74 57 49 94 42 19
29
99 32 28 70 16 50 49 43 37 67 72 12 15 68 28 43 32 19 43 75 68 56 74 14 75 62 40 4 1
50
95 8 81 11 53 99 76 97 36 20 71 2 23 69 52 14 28 43 30 88 75 22 35 84 67 31 78 22 67 19 4 7 54 90 97 70 76 8 82 26 76 68 12 92 55 74 17 3 52 49
83
26 18 21 56 96 23 88 57 34 62 74 19 66 29 47 85 10 52 20 19 89 66 58 19 41 85 99 85 55 49 74 75 41 17 30 41 51 57 60 76 20 29 51 88 50 8 94 27 19 97 10 44 48 89 97 46 2 84 94 53 94 26 26 82 41 79 91 7 50 70 95 9 40 7 94 23 68 79 46 69 88 44 22
1
43
5
79 51 27 97 70
53
94 42 97 43 47 78 98 5 14 93 16 92 73 79 60 69 23 50 69 3 20 34 14 27 5 27 2 75 58 18 15 40 25 14 24 10 40 63 49 26 86 47 36 12 58 41 50 22 45 85 49 70 36
33
1 4 5 95 50 27 54 32 81 27 64 49 41 14 90 8 60 33 88 62 28 3 66 13 52 77 15 33 48 25 38 44 1
47
35 98 54 46 20 45 24 47 73 87 84 42 26 20 91 94 20 2 55 65 87 63 99 47 51 89 39 50 22 40 72 21 20 3 14 37 52 27 24 75 93 17 24 27 3 11 1
16
13 34 88 67 64 76 12 6 1 41 24 17 26 8 94 79
69
24 3 91 52 88 8 80 2 74 72 95 57 9 37 15 53 94 8 74 74 52 39 53 57 57 27 37 43 58 72 19 12 86 50 56 62 29 36 49 66 75 63 24 85 56 63 91 18 97 92 23 67 10 96 68 2 4 50 22 25 27 49 22 21 21 80 98 37 16
28
4 37 17 9 14 90 35 31 37 85 64 34 36 62 10 46 63 49 66 75 99 2 32 45 90 77 67 8
8
20 40 72 33 4 59 58 95
64
75 96 8 9 77 47 24 28 99 19 8 76 79 52 8 44 66 7 45 77 81 19 91 90 69 22 45 19 67 98 46 1 44 75 79 49 5 46 60 5 30 13 83 3 89 58 89 3 67 9 16 80 38 36 54 66 59 42 18 34 2 91 92 64
15
15 16 21 79 82 10 84 37 29 99 11 86 33 30 28
86
48 61 50 56 70 78 85 99 67 52 69 22 16 39 19 49 75 96 55 45 32 79 24 97 58 77 41 69 68 41 18 38 82 7 91 27 45 23 13 38 68 64 72 68 93 56 15 36 86 70 81 4 32 72 32 87 46 20 7 8 75 16 89 9 54 99 90 84 19 64 15 51 8 2 26 30 94 70 13 30 58 64 12 11 41 37
98
24 81 83 4 94 37 85 54 77 54 57 70 38 98 95 88 22 64 72 3 74 97 93 79 7 85 26 76 27 20 99 45 11 45 33 75 2 71 77 99 65 48 16 9 13 99 83 36 49 45 30 49 40 18 44 56 25 33 34 84 21 2 46 33 72 72 10 4 48 92 71 6 69 88 67 61 16 30 49 17 43 11 94 6 87 15 28 11 79 7 3 98 65 52 41 39 69 89
16
27 77 41 41 26 64 8 13 91 14 54 34 62 44 88 45
72
42 16 95 89 30 66 86 31 82 11 93 96 26 97 25 49 55 48 4 93 85 48 4 3 51 43 22 46 35 1 56 26 23 66 41 28 49 11 64 45 33 6 97 38 46 7 34 96 55 11 72 73 84 34 45 81 53 12 7 3 66 82 55 29 74 40 53 47 30 74 67 21
59
90 95 66 55 20 72 2 29 11 80 54 94 77 45 69 14 12 54 73 41 51 83 28 61 73 40 97 96 70 33 36 66 67 39 13 55 1 79 39 87 72 64 45 48 85 4 25 14 90 50 57 12 36 47 78 82 91 9 81
61
89 99 10 77 34 8 18 54 35 64 73 72 79 81 6 40 97 78 24 62 25 45 10 65 72 69 35 55 24 97 45 3 4 15 44 42 68 92 56 92 34 42 35 27 26 41 29 27 75 72 22 95 63 96 64 40 98 53 53 37 96
52
13 80 65 95 65 20 23 40 13 37 26 6 69 12 59 76 80 34 29 13 69 87 67 7 45 67 55 38 80 58 28 22 63 79 8 79 40 65 14 82 12 43 35 12 6 97 93 46 68 34 54 15
91
90 70 38 32 53 93 61 90 84 40 34 83 30 27 99 14 82 47 55 46 31 64 52 68 42 74 75 41 59 53 66 47 71 24 56 65 52 84 98 64 19 51 51 78 44 4 74 73 59 65 33 24 25 57 63 84 85 37 11 63 87 19 11 61 57 28 27 51 56 90 43 19 96 39 56 42 67 29 12 65 78 68 44 67 67 67 18 58 86 88 54
94
65 66 55 19 24 6 11 39 55 5 23 91 28 31 91 83 82 6 90 90 18 86 38 76 66 85 78 37 44 40 99 96 69 52 60 66 49 81 32 5 9 65 30 85 27 10 99 53 88 7 67 42 54 20 72 5 96 98 33 92 70 21 47 26 65 50 70 39 86 91 38 7 91 90 38 6 30 68 67 57 48 94 10 10 36 74 19 71 27 71 39 48 50 61
7
90 86 31 87 87 2 46