93
55
57 23 66 23 53 60 41 92 34 94 93 1 61 60 89 75 57 94 63 13 19 87 57 2 57 12 38 20 10 81 57 50 64 14 60 59 34 78 94 55 64 23 51 41 5 53 59 1 75 57 17 5 6 25 20
31
41 5 73 65 2 35 92 78 72 16 47 67 30 51 99 62 20 42 43 51 20 49 82 97 35 17 43 57 15 76 30
72
92 33 83 37 92 65 2 88 34 87 83 86 97 17 58 86 84 88 95 77 80 12 23 42 67 77 86 49 49 86 19 11 23 30 63 2 71 98 89 25 41 82 8 43 1 46 34 59 36 87 99 17 88 62 37 99 41 44 57 19 85 75 44 9 34 87 44 20 86 50 90 3
50
8 50 59 43 74 68 69 83 11 68 98 30 59 35 11 15 12 71 52 80 30 98 94 99 53 26 71 80 48 56 29 86 34 36 87 11 14 22 3 27 26 64 86 31 93 83 74 41 94 51
41
50 65 56 77 75 47 10 3 42 51 60 24 37 19 80 8 36 74 17 49 42 21 17 68 4 28 7 85 46 95 9 74 79 81 78 10 15 69 85 76 81
92
60 27 41 23 6 27 24 4 95 30 7 47 6 55 23 72 13 50 57 71 56 70 4 64 55 97 93 36 51 17 13 91 71 79 24 25 26 52 3 29 50 64 18 71 41 86 84 92 36 8 52 15 30 82 44 17 2 16 80 49 74 62 39 79 71 38 27 9 31 95 12 8 36 85 83 44 8 13 33 9 86 46 79 43 53 15 97 59 20 89 17 35
61
13 69 62 95 55 87 10 76 21 11 80 52 21 46 36 55 7 63 76 26 8 59 31 36 54 6 77 99 44 69 10 45 13 67 83 51 87 53 85 82 50 2 75 27 98 22 49 45 13 69 70 85 72 37 29 93 14 10 69 50 43
64
13 45 93 84 90 46 44 35 73 40 32 92 36 30 78 80 24 10 78 84 66 32 52 87 24 65 25 13 70 46 93 30 72 76 81 10 70 82 29 30 77 81 20 54 16 71 72 84 42 75 15 58 90 37 64 40 29 82 84 30 6 41 97 24
46
44 76 2 97 16 30 45 85 96 77 35 90 9 91 93 84 95 24 19 37 76 4 63 29 2 47 94 82 74 13 52 75 76 76 30 29 21 88 94 33 34 83 76 43 23 27
83
91 96 68 21 58 44 62 16 62 42 93 28 7 89 69 39 75 12 23 69 47 29 5 64 20 39 85 58 22 71 64 68 11 53 71 4 80 53 48 96 81 12 27 57 93 35 77 28 16 14 7 60 74 13 8 16 42 68 80 49 13 1 97 39 67 84 96 59 47 13 53 99 52 46 99 31 58 59 34 86 98 87 30
71
18 14 37 2 19 13 51 56 34 7 46 43 49 11 75 13 65 22 89 37 28 60 49 71 88 34 18 66 24 43 19 38 13 91 10 11 23 57 70 34 36 55 68 60 64 65 73 52 87 38 88 15 67 49 96 51 3 5 6 72 47 95 37 33 47 72 83 17 33 22 20
72
64 27 94 10 24 85 14 24 89 39 2 47 10 7 48 9 51 44 34 24 59 21 87 36 3 57 8 18 17 37 56 42 69 39 47 83 71 45 21 36 49 65 75 12 24 46 60 11 92 22 60 28 54 83 7 32 93 20 36 90 72 19 49 63 9 94 30 47 50 81 57 22
15
3 64 35 16 13 93 69 61 87 14 21 47 85 55 57
61
65 9 4 15 2 90 54 55 88 38 90 66 24 84 74 67 57 91 19 59 68 25 51 4 80 81 52 42 85 5 26 34 86 72 8 52 3 68 20 9 36 63 85 83 9 60 15 1 52 18 10 43 14 28 5 82 75 38 14 9 87
30
24 88 83 98 48 39 46 43 87 49 29 19 98 6 82 28 64 71 44 60 9 87 81 62 42 15 32 75 67 10
39
26 98 97 96 23 91 64 80 17 26 16 23 57 9 34 59 39 53 93 32 17 95 26 30 48 35 70 86 47 50 33 23 78 26 50 22 22 7 67
19
27 69 92 13 70 75 40 55 36 55 18 78 88 51 14 26 28 39 61
96
43 77 31 45 18 18 68 34 39 94 25 36 98 96 86 51 94 82 19 40 4 67 42 16 6 36 72 92 48 17 67 70 16 56 7 4 65 61 41 9 63 52 74 71 65 85 67 72 35 56 94 32 71 48 43 68 45 54 42 15 74 45 15 1 13 88 50 77 72 31 2 45 95 30 53 35 76 36 30 98 50 12 34 6 25 44 58 64 68 44 96 20 14 8 53 78
86
77 72 98 98 91 92 83 72 1 97 72 74 58 79 92 32 55 51 76 73 11 65 84 92 62 32 79 91 91 65 56 18 95 64 77 76 45 53 87 62 25 76 37 36 37 66 68 2 60 87 97 48 89 17 73 11 19 44 98 60 48 22 53 38 98 65 44 35 13 32 61 15 31 56 77 14 76 35 3 43 25 16 16 27 34 24
13
94 8 19 52 40 44 15 25 42 66 81 99 41
63
72 13 12 79 91 40 66 27 7 11 77 56 64 24 27 61 65 52 44 80 53 52 44 14 22 17 41 94 79 83 32 55 30 91 79 77 38 63 99 1 62 91 53 17 37 15 17 13 92 47 39 6 76 46 69 14 97 34 94 49 74 25 66
57
14 23 60 67 57 21 65 88 22 95 9 92 38 34 69 13 35 91 72 68 38 83 2 77 38 92 24 45 23 25 44 52 56 61 94 97 47 99 30 48 66 18 25 59 19 88 99 18 91 17 86 24 89 61 28 1 30
13
64 42 62 55 45 10 83 50 68 61 63 73 4
42
69 82 98 64 74 64 67 52 72 37 36 76 65 38 71 72 42 63 47 88 63 42 17 90 1 70 65 56 55 99 85 56 81 83 98 42 99 29 92 8 68 26
66
8 15 52 12 30 90 81 48 1 32 86 50 79 47 52 87 73 75 56 87 41 35 82 24 74 3 44 52 84 63 79 41 5 5 78 14 18 19 16 84 31 5 30 97 2 97 10 82 60 81 81 41 31 43 52 44 61 2 45 64 46 87 33 19 88 13
55
12 13 70 6 9 16 17 36 22 37 32 72 96 97 25 38 49 29 64 56 90 76 66 90 76 51 25 96 85 51 73 34 76 38 63 4 28 33 31 47 2 39 97 46 61 66 43 27 54 30 12 65 89 64 92
23
13 92 39 51 55 33 69 50 37 48 44 65 89 13 7 72 49 20 61 87 18 81 91
88
71 77 39 71 88 65 47 93 23 38 81 43 11 78 90 16 63 50 90 84 24 43 28 26 53 19 93 87 13 43 23 36 41 79 14 11 96 33 86 64 73 85 8 27 85 60 43 25 62 37 12 70 37 69 80 37 76 10 90 6 41 5 16 29 58 83 92 61 8 12 93 70 61 35 45 54 20 35 23 75 88 51 41 85 51 11 10 91
50
54 87 65 51 41 42 94 30 57 18 74 92 99 49 98 66 20 65 22 20 47 21 94 7 1 82 2 32 54 94 7 75 28 78 69 23 81 61 92 36 89 48 10 67 75 52 91 28 96 59
74
64 11 30 46 7 87 29 46 24 64 14 1 24 89 27 2 23 98 86 53 24 22 34 96 44 89 12 55 55 17 26 6 56 98 30 85 80 41 44 64 16 14 47 41 44 30 68 38 59 99 6 13 27 50 89 70 59 3 47 39 3 28 60 77 82 95 3 45 31 55 55 9 30 77
20
18 70 57 87 21 9 54 84 45 30 73 95 71 32 4 85 88 27 80 99
57
81 18 7 59 24 20 72 6 7 69 24 23 28 13 6 68 70 9 83 6 17 72 98 41 34 66 13 93 30 96 60 1 23 45 92 69 57 29 74 58 42 74 59 6 94 66 58 59 59 5 46 50 45 34 89 47 58
84
62 25 68 32 55 63 54 19 1 44 11 60 6 33 42 85 36 53 40 53 86 15 50 64 88 15 78 37 59 67 25 38 26 56 10 34 25 86 83 51 63 5 23 98 89 67 94 1 96 72 16 41 11 36 62 68 41 65 94 58 37 33 6 37 66 3 63 81 54 17 35 88 95 59 29 56 73 75 63 71 82 91 62 4
37
43 68 30 30 87 18 66 94 55 41 49 90 55 59 45 42 23 38 37 65 93 85 29 93 10 16 25 69 31 26 39 97 51 57 62 74 75
22
10 26 36 58 51 47 71 44 97 49 40 49 32 31 71 76 56 38 94 69 70 21
22
84 34 37 50 87 40 66 21 42 26 80 50 21 5 29 65 69 78 26 20 20 13
52
58 53 49 10 92 13 11 73 36 24 77 88 49 25 36 53 58 89 58 70 88 61 51 27 59 43 24 56 17 67 87 59 20 59 90 58 66 95 83 61 46 7 62 46 14 96 31 56 52 8 28 13
99
70 81 60 46 42 93 22 19 38 76 32 56 84 64 89 72 76 40 88 7 63 89 69 84 68 30 81 64 62 12 86 49 97 10 81 94 81 61 39 39 94 45 33 73 84 81 88 59 9 12 83 24 70 52 46 45 48 64 79 27 85 20 74 97 39 43 6 20 75 54 69 45 48 98 76 22 68 59 81 63 36 40 22 70 89 50 52 26 47 85 53 53 18 49 4 55 16 24 86
46
43 87 89 12 92 2 18 91 51 22 25 30 40 75 73 40 59 27 57 51 15 5 93 90 6 74 94 37 85 95 33 85 6 59 45 87 4 68 30 45 74 47 19 33 27 71
60
56 69 15 60 72 45 76 91 55 40 34 23 55 37 18 45 51 8 76 75 38 60 54 91 38 72 17 26 83 64 83 18 52 57 42 60 91 76 1 36 27 49 74 98 39 90 80 85 84 6 5 68 21 22 72 3 43 44 16 4
1
48
14
24 18 76 47 76 70 39 52 98 58 89 8 53 26
51
15 25 48 53 40 12 50 77 63 27 30 91 91 74 96 72 5 44 86 46 68 32 36 57 45 35 75 68 22 60 9 73 50 14 86 5 71 57 15 29 15 1 28 87 10 51 31 34 42 9 62
77
41 84 8 87 15 33 6 69 97 99 20 8 95 1 26 90 3 60 25 98 76 3 4 92 63 82 62 84 51 38 67 72 5 52 60 99 63 59 16 43 17 68 43 79 51 94 40 67 63 80 79 82 40 7 91 7 64 36 77 8 93 29 32 32 41 36 95 9 79 56 63 10 69 16 38 13 80
17
11 75 28 23 64 56 60 68 28 63 12 73 2 3 21 33 83
52
99 64 86 42 35 25 81 31 55 97 2 53 55 43 67 41 76 24 72 66 27 3 26 60 85 55 49 27 16 41 26 12 43 11 36 9 9 39 2 36 18 22 94 20 47 4 46 85 81 35 44 42
58
48 9 75 47 21 3 15 17 9 44 85 58 88 93 8 31 42 81 40 81 16 26 89 10 49 98 33 84 90 91 12 22 81 15 98 95 69 31 67 76 41 51 86 45 2 50 90 67 66 8 58 82 62 22 20 66 53 84
46
46 25 15 39 28 96 94 51 73 97 62 38 24 3 16 64 18 64 40 33 10 57 63 10 31 33 33 66 66 95 10 39 74 97 35 97 35 4 88 85 57 66 81 9 90 43
16
88 52 91 8 61 52 34 37 70 33 50 96 68 74 12 48
12
55 27 42 81 34 80 47 39 50 55 89 89
70
69 45 49 18 38 20 95 37 25 81 3 67 3 52 11 46 73 73 72 82 93 5 89 85 89 69 17 52 49 54 99 11 28 70 91 96 31 37 10 63 31 50 25 47 92 74 10 99 68 38 42 74 14 46 30 70 29 79 76 59 14 60 36 91 14 12 79 51 33 85
16
36 95 92 3 45 47 43 90 6 41 85 77 13 21 45 61
45
69 71 2 92 44 25 88 82 75 36 78 47 58 55 36 93 48 45 69 53 42 50 70 16 66 18 48 75 18 36 53 75 15 46 3 61 79 31 51 52 71 94 39 72 28
62
38 54 96 16 6 10 29 46 6 78 29 26 20 14 59 8 57 19 93 63 74 67 57 26 4 55 56 86 8 93 81 2 17 47 86 18 92 75 35 9 76 17 68 12 40 87 88 66 79 40 55 11 76 31 89 19 96 76 17 35 29 81
72
7 45 30 40 56 21 22 91 18 28 18 72 83 52 90 70 14 66 7 14 44 4 33 79 16 76 26 70 76 76 26 63 69 11 86 92 58 35 60 25 98 28 93 28 61 29 80 88 53 17 32 84 97 91 20 53 70 13 83 36 21 94 65 27 1 80 34 4 64 95 51 88
47
91 27 34 78 32 38 72 23 92 72 53 3 16 1 87 20 4 66 69 67 46 93 24 34 12 34 27 3 39 35 9 63 57 80 8 81 36 73 39 21 76 71 50 55 57 43 24
90
82 80 43 57 87 22 70 72 49 26 2 38 43 52 31 78 52 54 18 10 41 30 36 18 57 36 70 94 66 95 92 22 49 59 80 88 65 2 60 59 92 85 96 31 51 91 47 22 86 67 17 66 9 61 99 58 80 96 89 54 50 4 26 6 71 12 89 91 31 24 60 58 63 98 63 42 49 71 52 89 40 89 57 40 32 55 72 7 93 64
3
13 12 40
32
91 56 6 53 34 89 16 65 70 1 18 92 92 62 54 69 46 30 39 96 42 31 16 49 9 97 8 18 81 10 98 51
50
80 76 24 21 2 80 95 86 28 62 92 23 65 85 88 49 94 66 11 90 79 73 49 76 33 49 48 83 53 13 46 9 44 7 79 12 25 94 79 84 19 52 67 52 89 15 37 23 24 54
58
44 85 74 41 20 85 69 23 53 50 87 37 70 82 30 50 87 46 58 15 41 95 80 21 1 73 93 56 98 44 61 4 32 71 52 87 79 62 91 41 71 59 16 25 68 77 22 36 59 38 4 88 61 18 7 35 62 64
25
18 86 69 45 99 97 10 84 11 96 54 48 8 62 4 7 70 92 33 57 53 45 40 19 73
21
43 63 31 58 11 18 79 10 27 75 95 34 8 57 34 40 60 90 49 89 44
52
92 67 56 17 36 83 32 56 70 51 51 72 49 10 82 75 43 11 70 75 8 18 88 47 14 30 97 27 17 60 27 22 93 5 1 61 76 20 37 21 79 63 76 25 51 71 54 14 41 88 60 1
53
43 90 17 50 50 67 71 62 20 28 55 75 16 49 74 21 38 50 18 56 28 57 23 19 83 60 67 76 17 50 9 61 21 89 35 64 90 98 74 41 4 41 77 10 56 32 66 56 46 33 56 56 81
71
35 99 14 14 3 31 85 64 96 44 95 24 78 17 2 98 16 84 29 50 50 33 64 94 87 86 10 99 53 68 65 65 57 35 12 68 6 64 75 49 39 33 39 40 33 53 82 52 14 63 69 29 60 19 33 89 21 51 8 7 55 8 51 3 8 68 29 66 81 59 43
54
46 70 69 41 50 56 49 87 63 87 1 36 52 61 83 81 80 53 31 97 30 50 71 77 65 5 84 68 37 12 66 59 68 71 56 15 15 86 55 58 75 17 35 88 84 64 39 45 28 16 80 12 72 49
34
7 54 33 62 43 87 94 68 7 59 75 33 92 55 78 79 95 83 26 50 14 28 26 2 81 10 54 64 86 91 19 15 46 23
7
25 78 85 54 35 60 60
76
77 9 80 79 72 54 89 22 41 25 17 7 5 3 18 9 50 95 96 6 53 6 86 85 68 26 54 33 2 70 28 59 83 64 11 45 87 60 26 10 83 70 16 16 43 2 61 48 54 30 99 74 64 71 2 59 58 58 66 32 51 78 49 1 44 56 15 84 49 88 30 93 51 30 37 86
30
92 17 71 5 52 68 47 79 86 75 81 17 98 98 18 61 28 30 17 67 55 67 80 5 35 47 12 41 95 10
3
39 23 89
26
91 93 97 27 44 33 41 16 96 47 1 51 97 7 42 17 17 67 96 7 43 32 39 63 38 1
10
62 73 31 77 90 81 96 2 88 79
35
81 14 60 75 5 49 27 90 63 78 37 30 71 28 34 36 87 30 72 31 70 13 53 95 18 83 27 20 80 13 86 30 91 72 91
90
55 80 82 90 71 81 72 13 19 93 63 36 87 28 60 71 13 54 27 48 82 98 41 29 12 91 55 41 7 41 57 22 2 30 35 36 25 24 85 24 61 83 55 92 30 19 8 55 77 70 45 65 33 75 15 75 11 96 45 47 14 11 45 61 40 73 41 17 84 31 73 17 68 86 29 7 87 64 45 67 76 17 43 5 49 10 49 18 68 4
91
93 30 2 42 22 86 19 80 23 49 62 79 80 3 49 56 23 51 39 9 91 11 78 1 99 72 17 94 84 29 17 44 19 15 34 60 37 28 27 2 87 34 8 7 70 31 41 40 88 16 1 92 43 36 62 15 73 46 32 95 57 34 73 92 9 78 93 15 91 67 94 54 72 6 13 31 13 21 73 9 15 2 19 28 59 66 11 56 20 81 71
2
28 18
27
8 93 99 89 57 97 44 32 98 1 87 92 6 86 65 3 21 59 83 52 58 61 34 92 85 67 57
95
53 14 95 71 75 62 39 49 88 64 90 6 94 68 39 31 35 53 45 82 82 48 38 35 31 10 85 76 95 77 70 45 20 54 62 79 80 57 73 67 81 44 87 2 90 13 60 26 47 51 37 69 44 21 24 6 35 75 65 68 5 98 11 18 77 28 54 78 2 30 43 21 47 69 70 76 10 54 65 6 72 14 99 24 50 96 77 22 38 66 78 8 44 18 92
19
21 21 29 93 28 85 73 98 43 10 16 22 44 52 46 96 57 32 34
25
9 22 84 72 63 43 24 25 56 90 53 5 38 61 43 34 40 39 75 84 60 57 92 21 59
32
47 22 3 71 54 45 14 22 76 88 26 44 3 74 72 71 99 47 14 39 76 1 57 90 30 10 77 77 57 74 34 6
55
67 88 29 56 24 32 22 35 47 6 71 92 96 62 93 46 90 50 33 56 94 70 12 42 24 18 52 68 63 27 65 12 47 59 25 92 6 95 63 53 20 93 78 1 42 93 97 33 45 19 74 87 72 28 82
93
3 59 87 70 4 32 31 32 1 59 43 58 12 29 45 32 15 74 72 51 32 94 98 25 28 42 27 54 60 98 45 37 63 83 53 85 17 83 93 94 35 55 74 33 49 80 74 67 15 20 32 94 52 96 59 94 72 44 60 15 55 94 90 81 41 3 1 20 33 76 48 35 56 26 39 22 70 89 2 31 41 73 35 50 75 81 15 73 60 48 91 1 11
22
77 80 19 65 25 79 77 20 46 12 7 73 92 26 56 56 27 63 28 16 26 35
44
85 41 84 15 77 68 11 26 53 31 99 87 19 64 21 26 70 54 78 39 49 6 84 27 2 95 14 20 49 12 84 84 22 23 22 50 48 29 14 80 52 18 75 96
87
39 2 35 15 23 57 85 13 68 39 63 12 32 37 24 18 77 50 96 48 8 74 96 10 8 8 95 13 6 35 67 70 67 45 15 13 18 35 56 36 30 40 82 26 25 14 82 33 48 50 76 58 76 52 15 45 39 25 1 8 47 47 32 13 40 47 64 1 92 24 96 94 97 6 51 93 46 42 3 16 98 54 15 66 37 6 78
52
10 99 34 29 85 5 24 29 73 39 16 13 56 96 37 92 56 68 83 53 82 82 31 23 7 10 69 47 86 12 69 26 61 32 51 53 67 19 40 50 11 91 2 96 26 22 53 31 52 27 44 98
94
61 61 55 82 54 87 15 45 87 41 37 29 80 64 69 26 49 50 47 96 57 32 94 73 22 39 56 59 9 34 12 25 69 20 35 54 56 9 4 16 45 56 37 2 14 66 72 94 97 53 87 47 73 4 85 53 73 52 23 81 7 66 53 82 23 89 77 12 38 69 56 31 17 94 1 47 93 54 17 91 79 88 36 88 17 12 83 42 27 96 96 65 90 1
69
29 88 23 4 57 22 62 36 92 66 48 23 5 59 36 31 47 14 59 42 58 10 59 29 17 19 5 68 2 3 59 60 87 63 97 82 98 60 29 64 36 23 60 61 1 69 16 89 33 43 78 71 98 7 28 77 43 58 32 43 6 39 42 45 35 61 49 34 2
70
59 33 8 37 91 99 83 82 19 87 41 38 7 67 63 92 64 29 95 55 4 76 86 74 93 91 44 10 89 94 27 45 61 87 78 21 9 3 87 23 56 92 22 88 86 99 61 5 99 19 81 48 59 71 27 6 58 88 57 62 34 6 91 41 81 22 74 57 71 80
21
17 27 29 88 73 2 42 82 7 57 12 64 54 75 46 56 16 37 19 85 91