79
62
17 74 9 63 28 31 81 8 77 16 54 81 28 45 78 76 66 48 31 85 87 19 10 42 63 2 83 17 79 6 59 1 81 5 37 52 28 32 3 69 39 84 20 19 8 31 63 12 68 66 56 4 92 79 28 30 34 90 86 8 17 95
15
91 32 10 39 48 17 6 35 46 60 25 14 32 33 77
45
6 15 48 95 83 1 8 87 17 65 9 91 45 38 95 76 6 23 53 70 83 61 92 30 89 98 93 80 71 36 21 50 73 33 83 14 93 19 53 82 23 59 84 93 84
50
5 83 37 42 21 33 11 32 16 23 71 10 64 95 15 67 58 20 65 9 9 72 13 21 60 73 75 87 73 33 16 70 36 63 44 1 3 3 92 66 46 88 2 24 51 87 20 55 25 65
78
74 2 10 65 24 40 69 82 92 37 98 88 70 37 19 35 31 78 98 36 30 2 83 21 1 35 79 52 31 41 75 70 80 54 20 47 27 86 90 58 18 95 65 29 9 15 65 32 46 6 27 42 84 29 76 36 84 56 4 24 4 96 3 55 94 39 19 72 65 36 38 2 31 92 32 94 7 8
36
79 10 8 90 91 55 32 15 5 86 75 69 97 82 68 80 18 88 12 31 27 9 52 62 85 53 75 26 10 32 40 60 23 81 59 45
16
16 96 78 82 58 47 20 46 93 84 52 86 17 97 27 95
31
94 79 15 99 9 58 82 41 60 59 11 7 59 74 55 94 34 25 19 21 47 90 6 77 46 80 25 39 13 2 6
18
12 89 57 84 27 43 58 88 49 9 11 40 4 45 69 95 56 95
32
27 97 14 77 55 84 11 34 98 65 37 61 1 73 25 27 6 30 64 19 56 77 7 46 86 47 59 63 3 23 96 77
56
39 6 50 59 16 87 49 19 60 96 54 19 37 37 68 10 48 1 73 82 65 26 61 37 79 6 14 74 70 78 34 65 4 95 46 71 59 53 68 12 66 22 9 32 48 78 79 83 67 99 99 85 21 60 58 34
54
97 2 71 91 79 18 27 33 32 90 50 70 42 77 80 39 80 82 39 44 29 18 17 74 55 46 35 91 68 70 71 91 19 76 95 30 34 95 94 30 48 56 22 71 17 16 84 92 71 72 42 14 62 1
47
66 87 81 49 4 78 61 17 12 2 98 58 10 51 17 62 66 31 70 55 47 86 11 59 98 83 43 39 35 19 44 57 77 8 48 63 94 52 25 37 16 65 50 1 7 27 5
82
13 96 64 99 62 95 92 76 63 52 3 97 20 8 77 67 57 1 58 32 87 75 38 65 52 13 60 26 40 34 25 8 69 82 70 70 82 21 87 2 75 71 49 56 52 98 40 1 31 43 88 72 5 63 26 18 51 64 18 74 2 23 34 28 83 30 3 63 56 11 91 54 89 55 10 76 50 17 67 74 30 61
2
78 22
26
61 27 15 69 32 17 51 71 93 17 68 51 77 54 62 71 50 70 21 7 22 39 95 14 93 16
64
47 20 19 62 23 47 61 87 16 34 94 79 83 19 13 41 63 37 8 89 59 79 59 36 11 61 31 89 29 77 99 94 90 43 97 43 92 46 49 36 26 21 95 39 74 57 77 6 65 98 10 53 47 16 83 17 4 22 68 67 93 84 37 5
34
55 28 48 9 97 27 90 75 17 23 69 68 37 86 17 2 97 92 42 73 96 74 32 87 4 53 7 63 30 31 91 30 43 52
81
55 8 77 47 7 74 73 41 87 98 8 26 37 33 45 37 46 87 9 17 12 88 55 70 65 63 20 45 19 51 59 36 15 19 16 30 64 95 15 64 97 28 14 28 37 7 1 28 89 85 68 24 86 18 38 79 54 1 44 57 28 26 35 72 73 69 72 43 8 64 5 59 64 41 38 20 42 26 19 94 20
43
30 19 1 41 77 26 18 32 54 36 72 11 8 81 44 2 99 85 7 17 45 40 68 42 48 58 37 31 94 59 79 38 67 68 93 49 68 49 63 70 6 24 49
47
52 92 55 25 53 92 31 51 38 98 42 54 33 43 17 54 7 91 78 27 8 59 19 60 95 5 77 25 25 85 37 85 56 49 36 68 62 76 66 77 51 6 19 32 46 82 95
26
32 30 42 47 33 66 7 70 8 32 74 71 18 13 76 63 15 32 86 9 99 9 40 47 11 8
95
29 76 11 85 54 7 59 65 64 32 8 49 46 77 73 88 51 1 98 83 41 80 17 13 62 46 91 24 52 21 67 9 86 71 25 9 14 66 17 85 11 94 75 30 79 14 31 53 91 64 16 68 23 90 43 10 96 59 25 91 18 42 77 9 21 18 85 51 38 5 19 31 97 23 44 89 69 28 87 26 70 4 9 97 47 56 52 45 11 72 46 23 92 31 57
47
46 34 92 43 39 95 26 35 39 5 89 61 96 98 98 53 45 72 48 7 58 88 19 14 21 31 13 34 61 97 79 76 61 20 74 18 70 21 23 5 50 91 71 66 94 66 66
89
83 18 71 97 60 81 90 75 90 16 41 34 65 45 97 98 60 96 34 35 32 34 84 97 96 25 96 66 15 5 36 40 17 87 49 43 4 66 33 79 81 4 66 24 67 72 49 14 40 57 8 31 67 66 70 30 96 99 18 80 32 69 25 78 83 74 83 57 60 61 57 23 55 48 36 43 66 54 94 9 42 38 70 94 9 6 73 36 97
86
62 79 72 26 20 88 40 90 82 82 26 43 5 38 3 57 22 39 1 24 43 54 29 19 83 86 91 17 51 60 11 2 80 57 71 86 2 38 56 98 7 92 48 73 52 52 36 55 66 18 81 11 65 1 33 94 2 2 43 22 37 70 68 66 61 51 81 86 34 68 8 93 73 39 71 94 72 82 78 17 54 50 84 98 8 35
79
38 33 30 72 51 80 15 85 79 26 43 38 32 95 88 68 59 55 59 56 52 85 39 12 21 76 91 22 13 26 17 79 13 75 69 73 51 99 29 7 36 36 64 43 32 20 17 93 47 98 74 53 26 47 21 68 91 9 84 98 4 58 68 75 23 71 18 34 96 29 6 42 44 34 6 44 28 31 12
94
50 65 77 86 15 94 26 50 8 24 82 19 58 9 32 47 49 2 58 17 23 64 21 65 31 67 46 4 16 60 77 63 78 15 42 66 13 9 23 41 3 6 68 7 38 80 21 47 66 48 39 99 85 9 15 42 29 61 46 19 15 51 53 7 7 4 19 40 88 20 56 80 50 54 15 82 71 53 63 21 10 93 9 1 85 62 11 70 1 61 45 40 76 11
11
25 13 22 62 31 24 76 16 54 8 36
64
41 55 36 30 54 60 50 48 76 18 31 21 61 38 63 8 78 7 12 6 80 66 72 38 90 28 77 32 33 5 57 28 95 76 93 2 56 44 36 63 98 59 7 75 8 72 5 24 43 74 22 93 78 23 61 4 92 82 55 89 19 85 56 24
55
34 3 25 19 42 80 24 20 17 76 73 22 74 5 97 12 71 27 7 18 73 43 60 94 58 66 28 56 12 46 15 36 68 93 36 4 74 38 24 97 76 96 96 84 3 41 3 47 26 67 85 75 15 35 35
35
67 89 15 69 82 24 47 66 33 25 24 22 46 60 19 94 66 6 76 24 69 41 20 9 55 19 95 14 15 21 40 75 67 76 71
20
3 70 47 29 3 81 3 68 25 39 32 66 35 80 5 47 23 16 70 78
76
82 79 39 63 45 89 43 15 35 27 96 57 47 98 45 60 11 6 86 32 72 3 5 78 21 75 17 98 12 96 18 95 87 59 10 36 44 57 37 28 73 41 43 20 16 79 75 35 1 46 63 30 62 58 71 19 28 80 60 79 44 66 91 15 26 78 97 70 31 84 52 63 38 60 10 20
97
53 23 80 66 29 43 48 21 77 88 35 45 13 56 66 73 21 86 11 27 18 3 27 64 67 40 6 77 35 81 17 65 21 84 74 86 3 4 1 88 23 84 82 48 53 24 35 58 15 83 85 95 17 7 18 9 98 19 93 68 80 79 99 59 69 68 34 84 58 65 86 98 10 36 49 2 82 39 14 55 8 8 42 38 6 52 54 40 85 89 25 95 58 36 21 94 28
76
98 62 20 65 51 82 9 4 78 20 37 4 33 81 54 86 17 26 18 77 1 68 48 4 88 70 18 9 4 56 85 77 96 45 79 47 81 66 71 75 10 40 53 29 44 37 23 26 23 46 38 51 89 14 35 38 43 69 14 89 31 87 8 15 47 55 45 53 3 99 16 85 79 90 38 61
12
23 5 19 16 20 55 36 5 74 75 59 68
37
2 47 22 46 98 56 95 80 63 96 97 74 79 33 35 27 72 87 65 70 60 62 59 67 57 62 1 29 17 11 34 81 15 61 41 12 46
25
41 83 20 60 29 66 88 99 75 38 8 9 61 6 79 37 70 76 51 70 42 40 19 53 15
63
54 35 78 95 32 43 48 64 62 92 97 44 57 40 92 4 60 1 32 70 58 77 9 63 73 56 45 61 1 4 41 43 85 10 77 43 25 99 86 72 25 39 68 77 22 13 69 30 36 51 16 39 16 4 64 47 81 48 16 30 68 27 82
37
25 35 71 65 76 47 73 43 16 86 32 21 74 4 73 97 3 31 95 11 92 82 71 95 8 96 92 60 29 21 57 51 4 63 84 54 33
51
43 27 81 97 53 44 72 16 72 62 40 57 71 85 51 9 44 77 2 45 36 85 86 90 59 99 97 57 62 81 3 49 66 17 93 32 17 91 66 20 62 16 23 13 62 99 23 80 99 52 97
53
85 93 54 32 44 29 20 1 18 29 37 54 44 31 36 64 27 47 76 64 90 40 49 64 76 34 51 86 28 34 82 40 75 33 87 48 7 65 17 7 28 35 48 59 2 19 54 2 86 62 81 18 54
74
73 67 5 75 79 47 33 45 39 91 71 36 42 93 90 64 2 84 46 44 21 14 5 31 74 68 54 72 12 91 53 58 28 38 7 77 51 67 62 32 74 44 84 18 65 4 15 21 82 56 4 30 21 43 10 65 73 2 86 91 83 65 62 65 89 98 57 23 31 72 35 61 30 76
35
45 48 14 24 17 38 14 86 53 95 26 35 91 67 19 44 64 9 95 4 2 58 45 33 48 46 70 43 71 84 45 21 82 53 36
51
4 29 42 31 48 26 57 48 97 56 26 38 34 55 19 91 51 76 40 89 57 57 79 45 6 99 72 92 13 81 71 68 58 96 50 82 64 68 95 27 40 87 73 17 39 85 89 13 9 28 66
27
48 66 90 2 86 79 27 93 43 35 6 49 82 70 76 89 86 93 11 8 88 23 38 28 48 41 5
64
74 66 21 46 85 88 72 92 42 30 37 83 7 92 57 31 1 89 71 58 72 35 75 24 35 71 78 29 52 95 96 94 86 9 21 66 54 93 90 92 85 65 44 44 23 31 74 68 95 76 79 77 62 75 38 7 76 34 73 4 20 63 97 27
57
73 82 22 53 35 7 44 36 41 68 55 90 23 91 44 30 19 79 24 76 34 25 10 53 45 82 90 8 61 57 49 33 89 86 25 11 64 31 68 18 22 32 44 82 67 30 56 19 54 41 73 17 10 91 38 74 51
7
9 78 89 16 10 34 29
44
19 26 32 57 69 69 94 84 22 36 48 16 89 64 13 10 12 54 46 61 59 93 10 83 95 40 61 17 9 9 13 47 8 96 3 57 85 65 64 74 17 38 41 85
29
51 95 28 31 24 68 41 90 87 8 25 25 61 52 54 27 15 3 22 97 19 73 38 53 81 26 39 72 50
57
79 88 89 53 34 14 18 43 77 81 37 96 80 28 21 70 5 78 94 57 33 15 27 1 36 45 77 39 55 89 36 31 79 64 88 86 32 14 3 72 37 61 6 1 89 4 84 28 44 95 33 13 21 12 55 20 63
99
93 73 4 70 30 50 9 22 99 3 45 72 60 70 8 19 70 56 36 24 65 34 79 96 78 84 18 66 93 71 53 58 70 16 18 35 18 33 31 57 54 2 82 67 47 37 71 65 87 34 49 15 20 66 20 80 28 99 19 82 14 38 93 57 99 91 58 31 97 49 42 62 97 16 81 17 4 86 44 79 94 32 74 5 39 22 21 28 94 27 77 37 13 5 64 25 97 15 89
69
24 34 82 22 56 59 14 88 86 20 15 52 89 48 85 74 38 77 59 81 94 55 39 69 92 41 12 40 67 73 79 49 67 1 63 91 38 71 58 49 5 8 23 27 70 18 44 76 50 99 61 26 12 63 30 12 32 33 96 98 50 2 57 22 64 96 19 39 70
13
63 60 2 28 83 78 8 61 25 78 77 59 10
16
90 90 50 13 53 41 3 9 15 14 80 85 37 53 58 63
68
8 89 8 4 64 13 67 90 99 45 5 26 98 72 70 63 21 60 7 75 64 75 11 42 29 91 42 20 66 67 95 35 25 32 86 27 3 42 1 82 19 20 56 40 1 86 15 69 66 65 89 34 13 22 87 71 46 57 6 45 9 65 10 83 85 95 62 85
62
75 74 60 92 29 26 61 60 14 27 90 12 42 27 2 65 6 71 67 18 7 23 40 9 40 69 15 88 85 34 1 23 77 71 60 84 86 70 68 61 87 88 2 93 45 76 46 24 85 22 55 50 64 38 97 47 76 94 10 33 25 75
67
94 72 14 56 26 78 62 17 97 28 3 84 72 37 14 60 96 77 45 15 36 8 71 45 78 56 50 83 90 17 66 13 8 41 77 41 35 54 60 83 51 55 30 53 41 76 53 55 61 47 4 75 48 52 3 46 38 85 44 81 33 16 50 11 96 44 8
29
27 99 40 96 51 5 66 9 29 34 82 87 7 35 40 1 64 28 50 32 43 89 85 8 34 84 46 80 2
64
15 74 71 67 5 33 41 22 16 6 3 89 26 24 99 5 22 6 68 79 41 34 76 3 67 27 97 30 33 33 31 98 31 97 34 48 96 79 22 66 26 63 43 6 77 70 20 40 68 72 1 21 42 53 85 32 50 56 76 5 82 91 3 88
85
99 97 9 33 25 16 65 31 10 79 34 57 9 50 20 22 95 6 44 31 14 76 81 6 96 63 91 80 39 37 57 53 42 91 70 22 17 68 21 30 87 44 88 18 92 46 39 59 42 9 34 31 59 41 68 88 79 65 38 90 14 76 53 44 41 41 27 74 54 28 11 15 22 35 20 86 6 30 40 31 65 7 9 85 74
94
25 33 59 10 92 5 15 55 51 33 59 54 58 73 71 27 36 64 27 4 96 44 58 22 86 71 65 62 2 31 46 36 39 29 8 4 84 74 19 13 43 28 98 17 14 74 72 43 26 92 75 18 6 52 28 72 6 68 19 11 23 59 65 69 71 30 70 68 41 18 67 54 44 32 66 17 79 10 59 70 60 73 13 30 51 79 68 61 37 22 86 21 10 63
78
73 43 95 72 36 10 52 25 6 95 20 2 89 62 74 77 4 29 80 87 26 47 59 92 68 38 90 50 27 49 25 52 65 72 50 69 98 16 25 31 31 89 81 44 46 82 43 3 60 60 36 22 51 2 71 97 34 30 47 35 32 23 55 70 98 30 87 81 33 84 35 4 2 33 44 6 51 65
57
48 47 55 65 69 33 94 88 95 55 52 6 77 70 24 54 24 4 56 4 44 94 50 74 96 16 41 91 4 73 9 68 10 79 67 76 22 81 75 90 24 76 91 45 59 16 35 22 56 38 96 46 62 67 66 7 43
36
37 14 75 27 27 54 32 88 80 28 35 32 9 49 71 19 70 94 94 82 47 47 65 94 91 74 65 47 72 37 86 76 56 31 77 44
92
20 51 48 53 26 97 56 36 89 26 76 30 90 49 38 91 20 91 19 25 10 3 6 71 96 33 26 56 26 34 72 56 1 18 99 73 80 84 87 81 51 66 23 1 13 37 53 35 80 46 59 7 25 91 32 88 51 79 5 52 69 84 3 38 80 78 14 95 71 29 55 25 10 61 43 37 96 95 20 18 9 34 82 92 80 89 8 83 81 57 99 70
52
87 92 73 5 10 37 96 20 97 77 51 56 25 33 86 39 57 62 63 47 63 9 98 46 63 63 78 44 22 99 27 70 72 14 47 11 57 68 89 67 82 96 44 82 61 32 54 37 28 9 53 73
9
28 67 33 63 49 56 37 54 46
32
56 76 82 24 3 37 91 75 79 84 10 54 93 43 61 34 10 4 34 6 66 24 78 72 58 93 18 84 93 72 96 5
17
46 1 89 41 6 30 23 11 91 93 60 9 41 78 4 36 65
20
30 76 8 1 3 79 60 45 53 38 63 27 34 69 93 56 58 52 33 80
33
93 9 18 19 92 4 48 63 20 16 71 23 89 85 25 21 54 49 47 53 2 41 98 31 56 87 9 69 80 93 79 9 12
86
80 46 97 29 27 33 48 6 27 64 94 80 91 36 15 35 91 84 86 75 32 16 27 66 92 93 87 32 69 87 42 95 67 1 96 7 86 8 61 24 68 55 36 63 16 73 3 69 96 18 59 55 81 9 93 98 46 8 35 91 69 81 79 83 26 5 88 4 39 96 51 72 98 38 5 11 32 48 43 63 13 75 60 25 8 95
31
67 26 1 80 91 49 50 70 82 32 99 9 82 47 16 51 32 11 65 98 86 86 6 30 64 73 29 66 86 39 54
10
43 55 12 23 29 49 40 35 12 11
68
13 43 47 85 34 27 70 50 27 52 29 59 9 97 74 60 35 93 42 78 83 61 64 34 47 43 89 52 38 73 65 66 50 55 55 5 78 46 65 34 33 55 86 4 75 90 29 6 72 74 39 29 53 42 55 68 92 50 28 9 11 47 93 75 72 38 26 69
58
21 26 58 94 88 1 94 74 24 23 65 81 73 33 24 86 54 82 99 95 38 60 13 71 91 11 76 96 55 95 98 56 27 99 55 37 99 37 24 48 85 92 22 48 44 38 39 80 73 22 73 3 36 25 83 99 56 71