68
85
6 91 9 84 64 49 86 61 50 75 28 14 10 62 16 94 99 60 19 15 94 57 10 52 69 54 54 72 60 43 27 67 10 82 16 93 92 64 87 32 21 46 22 73 93 29 96 48 11 65 8 46 3 39 72 96 37 90 61 92 69 38 67 83 39 55 87 40 47 7 96 33 74 99 8 10 99 43 20 60 49 10 17 79 56
56
21 99 88 99 25 7 29 6 67 20 76 12 47 93 73 56 90 15 40 16 20 59 44 16 29 33 42 17 75 34 67 71 63 8 84 9 35 42 46 23 77 93 86 50 36 30 30 65 49 61 57 71 40 25 98 33
25
80 42 15 78 86 61 11 3 30 95 3 13 99 72 8 72 55 62 11 36 51 16 53 82 71
52
20 49 69 41 64 69 87 45 49 99 68 30 75 47 90 7 91 77 75 59 29 51 13 87 28 82 82 74 20 48 93 97 99 25 65 82 45 52 99 40 77 86 34 66 71 58 89 33 22 37 73 18
87
1 7 21 6 46 2 82 15 34 83 84 39 16 20 15 44 52 85 43 81 85 88 7 44 42 24 9 50 71 91 83 78 2 12 78 5 85 27 63 22 43 22 13 91 76 85 72 29 96 51 49 94 20 32 2 5 30 60 3 95 74 94 36 46 61 35 62 33 89 53 60 36 82 10 89 66 58 7 11 76 44 3 91 34 99 61 82
13
65 23 83 71 86 69 14 41 4 33 98 84 70
3
62 86 28
42
41 4 70 55 41 74 79 8 2 62 29 78 93 75 8 64 46 52 20 41 47 99 70 11 55 87 87 74 92 52 41 62 50 3 27 95 3 76 72 66 25 80
88
37 88 10 47 35 98 7 35 94 14 71 40 6 93 37 85 18 78 22 68 84 70 49 14 23 21 34 22 98 15 99 47 25 84 66 22 24 41 51 50 31 88 40 36 95 39 35 62 53 76 12 26 89 70 54 23 68 99 96 81 72 68 11 63 43 76 75 11 22 6 45 21 93 66 27 17 2 44 82 11 73 38 5 5 33 99 62 79
60
56 27 71 16 56 45 32 98 98 53 14 34 45 74 69 16 7 34 4 76 66 24 54 66 34 10 37 39 76 11 48 25 83 94 97 72 88 14 23 52 29 49 51 37 63 27 98 11 83 36 12 19 3 55 2 68 15 59 82 69
23
22 76 12 5 39 60 46 39 8 97 63 79 67 13 7 45 96 88 52 51 4 37 29
98
58 70 92 84 70 14 37 34 1 90 64 87 16 96 19 68 91 55 53 87 2 99 60 1 97 34 23 58 31 14 90 85 39 91 35 9 87 42 91 14 95 13 60 71 28 66 19 10 22 32 71 99 6 56 17 84 72 61 78 33 57 62 83 49 86 76 43 95 16 69 64 53 15 17 82 36 33 82 77 80 4 13 50 23 17 28 10 52 63 92 11 82 59 3 20 75 6 59
72
23 12 1 32 53 59 1 84 66 21 74 22 25 17 61 34 53 97 64 80 10 5 33 76 56 75 2 66 18 79 34 61 87 86 33 48 23 54 68 5 13 10 92 8 39 95 16 74 65 70 26 20 6 85 3 24 7 60 83 6 38 58 46 98 71 9 12 9 89 55 14 67
32
48 72 96 50 60 93 27 55 59 94 87 97 74 66 22 51 55 70 16 96 11 60 22 51 39 53 56 39 89 35 23 78
69
22 65 68 86 43 18 80 26 34 82 93 11 47 54 96 84 67 50 96 14 8 11 22 8 40 95 1 26 6 62 30 94 69 17 36 43 88 77 87 65 88 58 29 76 30 93 97 48 76 88 97 51 20 11 37 33 30 90 49 84 47 67 49 78 33 45 9 59 4
76
99 33 94 70 58 23 68 43 36 70 26 33 63 58 75 42 90 2 20 45 72 83 99 17 74 76 5 26 80 69 41 94 42 15 71 51 85 76 92 80 73 96 3 90 88 69 9 14 65 63 96 40 67 64 63 7 75 69 91 37 30 87 34 14 97 84 23 28 56 25 14 66 59 18 24 31
17
52 67 30 8 81 60 76 22 50 38 13 89 55 88 83 52 62
75
99 31 38 47 87 68 18 53 20 60 17 97 44 97 91 64 20 50 26 24 90 71 21 27 20 67 96 11 28 45 99 42 55 45 99 35 11 78 83 23 81 23 23 61 85 50 10 89 89 81 2 93 75 43 73 91 92 34 16 85 29 81 74 51 36 15 96 36 57 50 53 16 26 14 76
20
53 75 62 25 29 82 89 97 9 50 37 65 51 27 9 19 19 36 79 78
99
91 15 86 5 32 66 37 12 93 44 11 27 84 16 21 32 1 21 47 97 23 80 24 21 64 84 3 79 29 1 46 43 87 71 53 83 7 11 41 47 94 74 40 56 13 77 73 56 50 64 21 62 85 84 89 83 65 18 62 79 29 27 12 85 56 76 15 66 71 60 94 83 51 28 34 90 70 60 46 32 79 83 54 57 71 71 72 37 68 42 93 84 62 47 21 2 5 93 59
81
92 4 37 71 90 84 80 60 8 51 72 22 15 71 71 99 47 30 70 30 98 51 60 27 20 34 65 19 81 97 76 75 74 27 64 77 21 9 54 48 51 99 25 50 60 33 41 72 83 78 1 68 5 46 74 53 90 66 73 99 66 61 77 18 41 18 23 47 84 11 40 38 9 39 42 98 42 40 49 83 92
48
77 6 83 80 71 75 89 21 89 1 51 92 52 90 98 40 58 58 88 13 90 88 80 81 87 39 64 17 40 92 3 73 9 42 15 97 4 12 31 6 6 37 38 69 98 55 27 30
14
97 21 59 7 34 87 40 67 28 39 65 78 29 44
90
29 13 59 25 76 1 53 11 2 17 53 17 89 50 84 3 78 35 35 60 20 11 73 71 34 97 91 46 71 95 93 26 63 65 55 18 59 39 99 12 93 8 80 12 6 23 58 31 49 68 78 39 7 19 24 77 91 77 5 69 2 87 5 96 97 40 83 10 44 87 41 95 9 89 63 66 55 29 21 3 29 34 97 85 70 11 39 22 82 1
80
7 53 72 33 87 96 79 57 34 73 24 82 58 57 11 7 22 61 56 84 87 86 65 8 60 59 20 51 56 81 66 26 73 92 45 8 90 69 65 99 42 63 22 21 95 43 8 89 5 96 28 69 58 26 51 93 1 81 81 55 66 87 79 11 25 2 49 7 3 85 44 73 38 61 63 89 81 12 54 11
17
86 17 37 29 93 51 84 40 98 47 29 32 12 67 71 40 11
99
24 99 54 4 41 98 95 75 21 54 20 53 50 28 73 9 99 6 42 98 28 20 29 70 36 29 11 70 92 36 35 87 66 60 58 68 6 9 31 90 69 75 44 1 69 91 15 61 47 45 29 34 96 98 33 12 39 72 25 44 23 17 93 34 85 91 14 95 5 43 81 32 53 10 72 44 30 56 63 89 45 78 98 38 42 1 96 77 64 22 24 18 57 31 97 65 65 95 48
35
36 60 64 72 94 14 47 56 59 48 13 86 8 79 72 72 64 62 46 16 49 59 3 8 35 2 15 80 66 75 97 81 2 38 49
89
98 82 81 82 91 21 21 28 88 7 66 35 27 87 46 94 38 37 27 56 86 94 72 57 75 10 92 88 9 13 79 23 56 47 20 9 73 63 48 53 32 8 35 77 17 45 46 40 76 9 74 49 7 42 34 44 89 45 70 41 41 72 2 87 90 82 4 88 39 69 4 44 75 32 72 22 18 34 92 20 25 28 12 7 29 2 81 86 33
18
91 65 39 76 76 14 37 58 46 56 76 72 30 43 21 93 63 7
72
61 66 56 57 69 77 4 74 91 86 19 72 27 24 37 17 23 15 17 5 50 76 81 90 63 47 70 39 93 98 29 63 27 34 40 14 52 94 11 34 11 66 26 88 66 13 63 81 75 77 81 97 24 86 16 8 6 88 19 38 58 52 2 33 34 76 15 83 53 11 35 41
59
83 71 5 61 67 88 63 78 79 53 43 77 66 44 1 57 89 17 29 90 56 57 71 15 14 72 37 88 75 56 77 15 92 63 64 93 6 64 81 86 40 3 16 94 4 98 83 82 52 79 44 48 51 37 90 67 61 48 23
24
43 14 38 4 87 11 23 21 21 66 53 54 18 83 46 95 61 63 54 55 60 52 18 89
54
19 32 21 77 37 64 20 42 60 26 21 26 43 21 95 30 76 34 15 43 36 32 21 27 39 26 24 44 14 4 90 81 51 93 19 90 26 60 63 86 10 92 52 62 42 32 5 37 3 54 58 25 96 52
96
81 23 32 99 18 84 44 78 66 60 51 14 82 3 8 37 78 71 34 61 90 35 15 71 58 17 24 25 83 95 92 40 46 7 43 96 22 51 33 79 87 7 48 32 1 84 31 15 43 74 48 63 92 44 59 33 15 40 94 61 58 73 26 43 16 6 94 57 58 34 22 92 19 88 27 82 97 32 13 97 22 81 95 97 27 26 90 59 79 48 30 30 73 21 96 41
11
96 33 14 54 45 8 75 35 6 76 12
98
59 75 60 83 57 12 83 56 64 64 43 40 99 57 51 1 15 65 6 8 96 17 85 35 40 30 23 73 96 39 90 91 19 44 9 88 77 64 9 98 65 48 14 32 33 18 94 17 89 40 44 9 16 6 73 96 82 23 63 43 28 25 72 7 16 26 54 46 61 44 13 71 45 2 12 16 85 10 72 97 87 54 50 44 33 48 47 8 16 39 80 6 53 62 64 77 61 29
58
66 18 65 95 83 4 56 34 2 16 70 41 6 69 35 50 21 5 73 43 9 70 66 5 40 58 35 46 56 88 90 67 17 14 60 38 43 95 89 5 92 93 72 36 4 26 18 86 60 48 36 94 72 93 1 25 98 43
45
67 94 47 32 89 9 73 35 11 4 11 98 72 72 44 69 36 69 16 24 84 23 60 49 24 35 49 61 39 44 26 91 95 57 41 72 66 84 77 94 49 35 59 12 96
48
1 19 38 46 29 74 74 3 70 4 38 1 29 79 93 18 78 32 12 50 90 41 35 80 51 81 19 13 52 17 21 30 98 79 65 24 9 46 18 97 40 80 1 15 28 19 30 44
19
66 29 60 56 90 83 43 62 48 90 17 38 9 34 47 63 12 64 88
55
99 57 5 87 18 22 89 84 54 87 79 67 99 26 85 99 90 59 37 55 99 45 18 12 8 66 77 89 63 51 8 89 69 18 56 75 50 26 79 53 50 88 18 44 79 50 27 56 63 52 26 64 40 7 11
3
63 70 31
1
9
19
8 89 59 38 92 63 8 29 69 30 54 10 63 27 63 53 30 73 55
62
84 25 42 76 36 91 45 15 32 64 68 24 7 83 24 52 55 62 65 7 80 32 14 80 76 30 59 34 17 45 5 44 53 87 69 10 97 96 44 66 52 41 71 95 5 60 67 56 64 29 3 41 5 79 17 63 49 89 84 91 79 71
88
64 74 26 11 4 68 81 46 69 92 46 70 60 68 41 72 22 23 23 54 62 85 1 60 94 87 90 27 32 34 72 2 22 93 26 58 18 65 85 39 94 86 79 79 66 90 52 75 62 4 74 56 53 93 48 40 41 64 72 65 5 60 11 16 54 86 95 96 3 96 21 8 98 27 39 45 65 23 7 27 9 60 92 42 55 47 24 82
77
43 23 35 47 6 22 38 15 91 57 98 8 25 38 80 95 37 96 36 99 2 61 44 7 15 35 31 58 99 46 10 54 96 46 88 24 23 11 46 15 28 47 94 76 59 81 4 27 47 59 41 38 80 33 35 95 48 26 19 30 68 24 39 56 1 4 63 19 73 90 30 31 3 77 93 7 65
87
36 39 96 95 47 46 63 50 5 65 5 86 18 25 82 75 65 17 12 60 22 54 27 38 16 25 92 83 18 43 40 11 90 97 39 71 35 59 85 28 57 99 88 87 9 86 28 80 32 54 69 52 88 87 18 32 22 65 48 82 49 21 54 36 81 93 74 30 18 64 63 24 82 78 20 14 74 24 14 7 58 91 16 63 85 49 80
49
72 51 62 65 81 59 45 7 60 10 4 67 60 94 63 77 81 99 88 49 47 63 78 41 35 34 79 80 5 59 51 41 7 86 26 81 32 96 59 31 78 73 62 88 92 11 42 3 8
7
77 56 23 58 92 87 65
99
33 94 67 83 94 49 76 97 46 89 59 44 46 80 64 38 26 10 48 74 75 56 73 61 93 73 54 97 18 93 58 43 70 33 3 81 46 10 96 67 47 36 42 93 43 93 20 12 9 63 46 84 11 99 9 62 30 11 27 20 31 18 5 35 44 71 24 75 29 10 31 74 71 61 96 17 8 54 80 33 40 12 91 46 91 49 25 89 67 69 47 58 64 28 31 49 97 88 2
44
83 70 47 44 75 78 9 67 30 97 68 16 24 9 59 18 13 76 12 56 22 68 70 43 98 75 24 82 20 57 60 75 71 55 16 32 86 30 66 89 60 51 51 32
68
87 90 79 22 38 32 32 90 66 82 91 75 11 59 37 53 38 24 9 86 13 14 25 44 99 58 65 72 12 36 52 50 14 17 82 20 2 87 11 14 50 12 1 19 98 93 89 36 6 28 68 17 67 39 14 9 75 27 47 65 79 84 48 62 95 57 61 18
80
63 55 94 87 80 1 5 27 93 23 76 96 26 52 46 20 81 54 6 10 72 16 11 45 80 8 8 51 65 34 49 51 64 84 93 26 66 22 91 77 8 39 7 53 22 69 34 20 93 30 61 37 72 17 99 28 22 83 17 24 42 26 94 25 80 17 61 26 82 39 74 9 9 48 54 12 61 45 28 92
81
39 83 14 21 94 68 18 23 14 17 39 28 67 6 79 77 59 46 77 22 1 6 26 81 88 32 65 11 58 2 41 57 74 86 44 42 16 76 6 69 97 78 36 97 89 36 5 1 49 78 68 61 77 99 69 83 61 54 73 11 27 91 28 40 74 67 44 34 12 6 7 2 26 97 88 79 50 23 84 67 11
82
50 2 34 40 19 88 10 51 80 7 83 52 26 93 32 76 49 27 90 24 66 31 11 9 31 31 94 92 90 84 34 32 69 94 36 35 93 68 96 12 43 55 33 73 17 56 17 26 74 60 91 62 55 69 16 31 42 30 58 86 61 98 33 44 48 49 31 74 64 30 27 8 7 76 29 85 95 90 42 28 57 80
68
86 11 45 93 80 12 78 42 96 97 77 92 30 85 58 20 81 57 13 34 86 41 95 39 80 30 37 78 3 26 33 75 52 27 18 21 21 45 50 44 18 36 61 96 59 63 67 11 31 94 21 8 21 76 94 23 45 59 58 40 16 63 16 76 7 27 7 85
46
73 78 92 40 28 41 13 61 84 62 66 26 96 31 25 4 41 9 86 42 30 88 30 7 20 52 19 26 74 72 33 63 23 77 9 75 38 91 64 18 86 38 82 3 37 23
35
69 92 99 11 21 18 5 71 12 14 2 78 24 80 49 11 28 41 20 56 94 58 9 47 9 88 25 94 42 67 98 62 69 81 15
45
63 50 56 95 68 30 79 83 21 60 52 99 2 48 85 15 89 25 10 68 46 6 4 79 10 49 6 72 69 59 78 66 31 2 43 6 12 68 99 64 48 55 38 55 3
76
48 67 83 38 36 22 71 19 62 95 81 36 6 18 33 23 60 68 17 56 22 41 85 98 3 40 38 99 34 84 66 65 84 57 1 29 23 28 34 26 87 98 9 70 56 27 56 33 49 2 40 49 13 71 3 58 70 27 6 28 60 91 35 18 44 45 76 94 14 8 26 96 67 19 15 95
78
66 54 98 7 51 13 65 90 29 4 70 44 37 57 64 99 94 11 62 69 28 11 50 27 88 97 82 23 39 34 38 5 45 16 69 60 30 32 46 30 12 7 72 46 46 88 79 99 91 65 47 77 62 47 27 1 33 40 24 49 13 12 58 3 67 52 52 62 33 86 59 30 24 41 18 68 93 83
83
72 25 86 16 55 8 15 28 79 62 67 60 78 25 89 76 95 20 59 86 61 74 9 7 66 66 80 36 70 84 19 84 35 90 85 17 62 65 30 79 5 35 51 55 67 21 69 73 99 40 28 24 41 70 25 17 19 79 18 62 19 41 14 51 49 55 52 15 49 95 33 74 25 67 92 52 22 57 4 26 26 85 22
95
45 43 89 57 46 3 72 9 6 59 30 69 10 13 40 52 78 35 95 43 34 96 10 38 88 69 32 17 37 70 56 64 2 22 74 86 91 41 51 12 10 72 76 52 62 29 20 87 13 91 79 19 34 97 56 90 60 36 11 5 89 86 11 23 45 80 54 15 85 37 78 45 81 95 57 52 20 40 41 10 85 53 15 60 34 42 80 82 50 82 40 66 99 48 18
74
95 81 5 93 74 5 35 60 12 49 27 65 99 88 68 67 94 3 12 30 68 95 23 27 33 53 74 42 27 76 88 45 50 48 67 43 61 32 27 45 38 26 11 55 93 88 62 24 22 64 50 87 51 6 99 40 57 59 59 92 71 17 74 28 28 62 58 97 48 49 75 16 62 71
93
71 65 5 67 29 22 99 98 79 71 67 88 72 58 44 79 34 58 94 36 72 22 5 35 92 92 19 17 61 97 1 88 25 45 45 55 51 71 88 81 91 84 6 23 80 75 75 82 37 94 64 86 40 13 1 49 41 6 51 72 53 92 60 58 67 78 91 8 76 61 39 19 75 28 50 22 9 83 84 8 5 53 44 84 24 35 74 56 91 81 65 90 62
9
32 92 4 37 14 28 11 26 42